       1.000099
       0.936551
       0.750478
       0.459485
       0.099679
      -0.275611
      -0.608569
      -0.853104
      -0.982368
      -0.985590
      -0.862535
      -0.623332
      -0.293882
       0.080627
       0.442608
       0.738112
       0.930044
       0.999978
       0.942624
       0.762260
       0.475717
       0.118132
      -0.257791
      -0.594051
      -0.843702
      -0.978970
      -0.988442
      -0.871434
      -0.637466
      -0.311525
       0.062084
       0.426045
       0.725845
       0.923423
       0.999548
       0.948415
       0.773815
       0.491818
       0.136590
      -0.239825
      -0.579281
      -0.833998
